[gd_scene load_steps=10 format=3 uid="uid://gux0nf155o3g"]

[ext_resource type="Script" uid="uid://c6akp8k7b3n28" path="res://Player/player.gd" id="1_l8h54"]
[ext_resource type="Script" uid="uid://bm1vs0r4or2lb" path="res://Player/smooth_camera_arm.gd" id="2_4ntmi"]
[ext_resource type="PackedScene" uid="uid://bq8t0pax6kf8e" path="res://Player/rig.tscn" id="3_btcbx"]
[ext_resource type="PackedScene" uid="uid://bybba7a0v6c1f" path="res://Player/dash.tscn" id="3_vtle1"]
[ext_resource type="Script" uid="uid://b1h34wgb385y3" path="res://Player/attack_cast.gd" id="4_gwnis"]
[ext_resource type="PackedScene" uid="uid://c6i0n2wp00i44" path="res://Player/health_component.tscn" id="5_k53q1"]
[ext_resource type="PackedScene" uid="uid://deal8jepga326" path="res://Player/area_attack.tscn" id="6_fhl08"]

[sub_resource type="CapsuleShape3D" id="CapsuleShape3D_hvfyp"]

[sub_resource type="SeparationRayShape3D" id="SeparationRayShape3D_l8h54"]

[node name="Player" type="CharacterBody3D"]
collision_layer = 5
script = ExtResource("1_l8h54")

[node name="HealthComponent" parent="." instance=ExtResource("5_k53q1")]

[node name="Dash" parent="." node_paths=PackedStringArray("player") instance=ExtResource("3_vtle1")]
player = NodePath("..")

[node name="CollisionShape3D" type="CollisionShape3D" parent="."]
shape = SubResource("CapsuleShape3D_hvfyp")

[node name="SmoothCameraArm" type="SpringArm3D" parent="." node_paths=PackedStringArray("target")]
transform = Transform3D(1, 0, 0, 0, 0.906308, 0.422618, 0, -0.422618, 0.906308, 0, 0, 0)
shape = SubResource("SeparationRayShape3D_l8h54")
spring_length = 4.0
script = ExtResource("2_4ntmi")
target = NodePath("../HorizontalPivot/VerticalPivot")
decay = 20.0

[node name="Camera3D" type="Camera3D" parent="SmoothCameraArm"]

[node name="HorizontalPivot" type="Node3D" parent="."]

[node name="VerticalPivot" type="Node3D" parent="HorizontalPivot"]

[node name="RigPivot" type="Node3D" parent="."]
transform = Transform3D(1, 0, 0, 0, 1, 0, 0, 0, 1, 0, -1, 0)

[node name="Rig" parent="RigPivot" instance=ExtResource("3_btcbx")]

[node name="Skeleton3D" parent="RigPivot/Rig/CharacterRig/GameRig" index="0"]
bones/0/position = Vector3(4.44089e-15, 0.910084, -0.0481736)
bones/2/rotation = Quaternion(0.00642669, -0.000282072, 0.00321134, 0.999974)
bones/3/rotation = Quaternion(-0.0889803, -0.000282382, 0.00852461, 0.995997)
bones/4/rotation = Quaternion(0.270273, 1.44225e-08, 9.17649e-08, 0.962784)
bones/6/rotation = Quaternion(-0.164705, -1.17581e-07, -1.96344e-08, 0.986343)
bones/7/position = Vector3(-3.13841e-08, 0.910084, -0.0481735)
bones/8/position = Vector3(-7.3558e-08, 0.910084, -0.0481735)
bones/9/position = Vector3(0.131144, 0.976289, -0.0351291)
bones/9/rotation = Quaternion(0.994244, 0.0202492, -0.0312475, 0.100459)
bones/11/rotation = Quaternion(0.394848, -0.000695055, 0.000298834, 0.918746)
bones/13/rotation = Quaternion(-0.740704, 0.0118452, 0.0243603, 0.671285)
bones/15/position = Vector3(-0.131144, 0.976288, -0.0351291)
bones/15/rotation = Quaternion(0.975804, -0.00528062, 0.0276701, 0.216827)
bones/17/rotation = Quaternion(0.421063, 0.00315439, -0.00146442, 0.907025)
bones/19/rotation = Quaternion(-0.678174, -0.0281386, -0.00144417, 0.734361)
bones/21/position = Vector3(0.0251286, 1.43963, 0.047134)
bones/21/rotation = Quaternion(-0.470612, -0.267201, -0.416675, 0.730418)
bones/22/position = Vector3(0.191438, 1.4786, -0.0100241)
bones/22/rotation = Quaternion(0.021413, -0.163998, 0.975481, -0.145198)
bones/23/rotation = Quaternion(7.54226e-08, -0.0390381, 8.24892e-08, 0.999238)
bones/24/rotation = Quaternion(0.35135, -0.0390387, -0.0219362, 0.935173)
bones/46/position = Vector3(-0.0113635, 1.43963, 0.047134)
bones/46/rotation = Quaternion(-0.471243, 0.264083, 0.415097, 0.732041)
bones/47/position = Vector3(-0.177228, 1.4788, -0.0111663)
bones/47/rotation = Quaternion(-0.0113419, -0.147601, 0.976047, 0.159428)
bones/48/rotation = Quaternion(1.2703e-07, 0.056717, 2.05e-07, 0.99839)
bones/49/rotation = Quaternion(0.39197, 0.0567176, 0.0279233, 0.917803)
bones/71/position = Vector3(0.127191, 1.36059, -0.0244838)
bones/71/rotation = Quaternion(2.02984e-08, 0.59857, 0.80107, -4.58608e-08)
bones/72/position = Vector3(-0.113426, 1.36059, -0.0244838)
bones/72/rotation = Quaternion(2.02985e-08, 0.59857, 0.80107, -4.58608e-08)

[node name="AnimationPlayer" parent="RigPivot/Rig/CharacterRig" index="1"]
active = false

[node name="RightHandBone" parent="RigPivot/Rig" index="2"]
transform = Transform3D(-0.962343, -0.2708, -0.0237156, 0.221477, -0.831658, 0.509208, -0.157617, 0.484781, 0.860316, -0.351044, 1.01219, 0.0292561)

[node name="LeftHandBone" parent="RigPivot/Rig" index="3"]
transform = Transform3D(-0.970513, 0.239108, 0.0305216, -0.208933, -0.897588, 0.388179, 0.120212, 0.370356, 0.921078, 0.348249, 0.994926, -0.00776346)

[node name="RayAttachment" type="BoneAttachment3D" parent="RigPivot/Rig"]
transform = Transform3D(-0.962343, -0.2708, -0.0237156, 0.221477, -0.831658, 0.509208, -0.157617, 0.484781, 0.860316, -0.351044, 1.01219, 0.0292561)
bone_name = "DEF-hand.R"
bone_idx = 51
use_external_skeleton = true
external_skeleton = NodePath("../CharacterRig/GameRig/Skeleton3D")

[node name="AttackCast" type="RayCast3D" parent="RigPivot/Rig/RayAttachment"]
unique_name_in_owner = true
transform = Transform3D(3.59321e-08, 4.7022e-08, 1, 0.996195, 0.0871558, -3.98936e-08, -0.0871558, 0.996194, -4.37114e-08, -0.03, 0.075, -0.05)
target_position = Vector3(0, 1, 0)
collision_mask = 8
script = ExtResource("4_gwnis")

[node name="AreaAttack" parent="RigPivot" instance=ExtResource("6_fhl08")]
transform = Transform3D(1, 0, 0, 0, 1, 0, 0, 0, 1, 0, 1, 1)
collision_mask = 8

[connection signal="defeat" from="HealthComponent" to="." method="_on_health_component_defeat"]
[connection signal="heavy_attack" from="RigPivot/Rig" to="." method="_on_rig_heavy_attack"]

[editable path="RigPivot/Rig"]
[editable path="RigPivot/Rig/CharacterRig"]
