[gd_scene load_steps=10 format=3 uid="uid://gux0nf155o3g"]

[ext_resource type="Script" uid="uid://c6akp8k7b3n28" path="res://Player/player.gd" id="1_l8h54"]
[ext_resource type="Script" uid="uid://bm1vs0r4or2lb" path="res://Player/smooth_camera_arm.gd" id="2_4ntmi"]
[ext_resource type="PackedScene" uid="uid://bq8t0pax6kf8e" path="res://Player/rig.tscn" id="3_btcbx"]
[ext_resource type="PackedScene" uid="uid://bybba7a0v6c1f" path="res://Player/dash.tscn" id="3_vtle1"]
[ext_resource type="Script" uid="uid://b1h34wgb385y3" path="res://Player/attack_cast.gd" id="4_gwnis"]
[ext_resource type="PackedScene" uid="uid://c6i0n2wp00i44" path="res://Player/health_component.tscn" id="5_k53q1"]
[ext_resource type="PackedScene" uid="uid://deal8jepga326" path="res://Player/area_attack.tscn" id="6_fhl08"]

[sub_resource type="CapsuleShape3D" id="CapsuleShape3D_hvfyp"]

[sub_resource type="SeparationRayShape3D" id="SeparationRayShape3D_l8h54"]

[node name="Player" type="CharacterBody3D"]
collision_layer = 5
script = ExtResource("1_l8h54")

[node name="HealthComponent" parent="." instance=ExtResource("5_k53q1")]

[node name="Dash" parent="." node_paths=PackedStringArray("player") instance=ExtResource("3_vtle1")]
player = NodePath("..")

[node name="CollisionShape3D" type="CollisionShape3D" parent="."]
shape = SubResource("CapsuleShape3D_hvfyp")

[node name="SmoothCameraArm" type="SpringArm3D" parent="." node_paths=PackedStringArray("target")]
transform = Transform3D(1, 0, 0, 0, 0.906308, 0.422618, 0, -0.422618, 0.906308, 0, 0, 0)
shape = SubResource("SeparationRayShape3D_l8h54")
spring_length = 4.0
script = ExtResource("2_4ntmi")
target = NodePath("../HorizontalPivot/VerticalPivot")
decay = 20.0

[node name="Camera3D" type="Camera3D" parent="SmoothCameraArm"]

[node name="HorizontalPivot" type="Node3D" parent="."]

[node name="VerticalPivot" type="Node3D" parent="HorizontalPivot"]

[node name="RigPivot" type="Node3D" parent="."]
transform = Transform3D(1, 0, 0, 0, 1, 0, 0, 0, 1, 0, -1, 0)

[node name="Rig" parent="RigPivot" instance=ExtResource("3_btcbx")]

[node name="Skeleton3D" parent="RigPivot/Rig/CharacterRig/GameRig" index="0"]
bones/0/position = Vector3(1.38603e-14, 0.899642, -0.0481735)
bones/2/rotation = Quaternion(-0.000188097, -0.000389278, 0.00321416, 0.999995)
bones/3/rotation = Quaternion(-0.0949836, -0.000360475, 0.00852103, 0.995442)
bones/4/rotation = Quaternion(0.275747, 1.4692e-08, 9.31172e-08, 0.96123)
bones/6/rotation = Quaternion(-0.157838, -1.17715e-07, -1.88157e-08, 0.987465)
bones/7/position = Vector3(-2.24955e-08, 0.899642, -0.0481735)
bones/8/position = Vector3(-8.03818e-08, 0.899642, -0.0481735)
bones/9/position = Vector3(0.131144, 0.965846, -0.0351291)
bones/9/rotation = Quaternion(0.993219, 0.0207739, -0.0309951, 0.110106)
bones/11/rotation = Quaternion(0.41683, -0.00070022, 0.000321234, 0.908984)
bones/13/rotation = Quaternion(-0.750124, 0.0118803, 0.0243968, 0.66074)
bones/15/position = Vector3(-0.131144, 0.965846, -0.0351291)
bones/15/rotation = Quaternion(0.973584, -0.00570906, 0.027373, 0.226609)
bones/17/rotation = Quaternion(0.441032, 0.00327259, -0.00160829, 0.897484)
bones/19/rotation = Quaternion(-0.686781, -0.0281851, -0.000835506, 0.726318)
bones/21/position = Vector3(0.0251286, 1.42972, 0.0433654)
bones/21/rotation = Quaternion(-0.488459, -0.260009, -0.403575, 0.728649)
bones/22/position = Vector3(0.189148, 1.46704, -0.0209985)
bones/22/rotation = Quaternion(0.0439874, -0.160593, 0.974724, -0.148955)
bones/23/rotation = Quaternion(6.55124e-08, -0.0207368, 2.03813e-08, 0.999785)
bones/24/rotation = Quaternion(0.309911, -0.0207229, -0.0191096, 0.950348)
bones/46/position = Vector3(-0.0113635, 1.42972, 0.0433653)
bones/46/rotation = Quaternion(-0.503493, 0.229121, 0.382593, 0.740015)
bones/47/position = Vector3(-0.169374, 1.46755, -0.034356)
bones/47/rotation = Quaternion(-0.062831, -0.138982, 0.974089, 0.166994)
bones/48/rotation = Quaternion(6.64448e-08, 0.0220169, 6.98074e-08, 0.999758)
bones/49/rotation = Quaternion(0.344412, 0.0220173, 0.0289969, 0.938112)
bones/71/position = Vector3(0.127191, 1.34868, -0.0259731)
bones/71/rotation = Quaternion(1.9515e-08, 0.610037, 0.792373, -4.63058e-08)
bones/72/position = Vector3(-0.113426, 1.34868, -0.0259731)
bones/72/rotation = Quaternion(1.9515e-08, 0.610037, 0.792373, -4.63058e-08)

[node name="AnimationPlayer" parent="RigPivot/Rig/CharacterRig" index="1"]
active = false

[node name="RightHandBone" parent="RigPivot/Rig" index="2"]
transform = Transform3D(-0.962342, -0.270804, -0.0237118, 0.237266, -0.879316, 0.412927, -0.132673, 0.391751, 0.910455, -0.343191, 0.988663, -0.0169909)

[node name="LeftHandBone" parent="RigPivot/Rig" index="3"]
transform = Transform3D(-0.970518, 0.23909, 0.0304959, -0.219145, -0.927993, 0.301339, 0.100347, 0.285772, 0.953029, 0.345954, 0.975431, -0.0398067)

[node name="RayAttachment" type="BoneAttachment3D" parent="RigPivot/Rig"]
transform = Transform3D(-0.962342, -0.270804, -0.0237118, 0.237266, -0.879316, 0.412927, -0.132673, 0.391751, 0.910455, -0.343191, 0.988663, -0.0169909)
bone_name = "DEF-hand.R"
bone_idx = 51
use_external_skeleton = true
external_skeleton = NodePath("../CharacterRig/GameRig/Skeleton3D")

[node name="AttackCast" type="RayCast3D" parent="RigPivot/Rig/RayAttachment"]
unique_name_in_owner = true
transform = Transform3D(3.59321e-08, 4.7022e-08, 1, 0.996195, 0.0871558, -3.98936e-08, -0.0871558, 0.996194, -4.37114e-08, -0.03, 0.075, -0.05)
target_position = Vector3(0, 1, 0)
collision_mask = 8
script = ExtResource("4_gwnis")

[node name="AreaAttack" parent="RigPivot" instance=ExtResource("6_fhl08")]
transform = Transform3D(1, 0, 0, 0, 1, 0, 0, 0, 1, 0, 1, 1)
collision_mask = 8

[connection signal="defeat" from="HealthComponent" to="." method="_on_health_component_defeat"]
[connection signal="heavy_attack" from="RigPivot/Rig" to="." method="_on_rig_heavy_attack"]

[editable path="RigPivot/Rig"]
[editable path="RigPivot/Rig/CharacterRig"]
