[gd_scene load_steps=8 format=3 uid="uid://gux0nf155o3g"]

[ext_resource type="Script" uid="uid://c6akp8k7b3n28" path="res://Player/player.gd" id="1_l8h54"]
[ext_resource type="Script" uid="uid://bm1vs0r4or2lb" path="res://Player/smooth_camera_arm.gd" id="2_4ntmi"]
[ext_resource type="PackedScene" uid="uid://bq8t0pax6kf8e" path="res://Player/rig.tscn" id="3_btcbx"]
[ext_resource type="Script" uid="uid://b1h34wgb385y3" path="res://Player/attack_cast.gd" id="4_gwnis"]
[ext_resource type="PackedScene" uid="uid://c6i0n2wp00i44" path="res://Player/health_component.tscn" id="5_k53q1"]

[sub_resource type="CapsuleShape3D" id="CapsuleShape3D_hvfyp"]

[sub_resource type="SeparationRayShape3D" id="SeparationRayShape3D_l8h54"]

[node name="Player" type="CharacterBody3D"]
collision_layer = 5
script = ExtResource("1_l8h54")

[node name="HealthComponent" parent="." instance=ExtResource("5_k53q1")]

[node name="CollisionShape3D" type="CollisionShape3D" parent="."]
shape = SubResource("CapsuleShape3D_hvfyp")

[node name="SmoothCameraArm" type="SpringArm3D" parent="." node_paths=PackedStringArray("target")]
transform = Transform3D(1, 0, 0, 0, 0.906308, 0.422618, 0, -0.422618, 0.906308, 0, 0, 0)
shape = SubResource("SeparationRayShape3D_l8h54")
spring_length = 4.0
script = ExtResource("2_4ntmi")
target = NodePath("../HorizontalPivot/VerticalPivot")
decay = 20.0

[node name="Camera3D" type="Camera3D" parent="SmoothCameraArm"]

[node name="HorizontalPivot" type="Node3D" parent="."]

[node name="VerticalPivot" type="Node3D" parent="HorizontalPivot"]

[node name="RigPivot" type="Node3D" parent="."]
transform = Transform3D(1, 0, 0, 0, 1, 0, 0, 0, 1, 0, -1, 0)

[node name="Rig" parent="RigPivot" instance=ExtResource("3_btcbx")]

[node name="Skeleton3D" parent="RigPivot/Rig/CharacterRig/GameRig" index="0"]
bones/0/position = Vector3(3.37508e-15, 0.89271, -0.0481736)
bones/2/rotation = Quaternion(-0.00462929, -0.000461258, 0.00321572, 0.999984)
bones/3/rotation = Quaternion(-0.0989575, -0.000412126, 0.00851838, 0.995055)
bones/4/rotation = Quaternion(0.279385, 1.40971e-08, 9.66778e-08, 0.960179)
bones/6/rotation = Quaternion(-0.15326, -1.18236e-07, -1.54645e-08, 0.988186)
bones/7/position = Vector3(-4.07552e-08, 0.89271, -0.0481734)
bones/8/position = Vector3(-6.4039e-08, 0.89271, -0.0481735)
bones/9/position = Vector3(0.131144, 0.958915, -0.0351291)
bones/9/rotation = Quaternion(0.992556, 0.0211022, -0.0308417, 0.115915)
bones/11/rotation = Quaternion(0.430033, -0.000700619, 0.000333886, 0.902813)
bones/13/rotation = Quaternion(-0.755794, 0.011901, 0.0244271, 0.654246)
bones/15/position = Vector3(-0.131144, 0.958915, -0.0351291)
bones/15/rotation = Quaternion(0.972133, -0.00598044, 0.0271841, 0.23277)
bones/17/rotation = Quaternion(0.453462, 0.003346, -0.00170249, 0.891268)
bones/19/rotation = Quaternion(-0.692175, -0.0282136, -0.000447826, 0.721178)
bones/21/position = Vector3(0.0251286, 1.42313, 0.0408654)
bones/21/rotation = Quaternion(-0.500167, -0.255102, -0.395045, 0.727115)
bones/22/position = Vector3(0.187533, 1.45921, -0.0281501)
bones/22/rotation = Quaternion(0.0587094, -0.158324, 0.973948, -0.151365)
bones/23/rotation = Quaternion(3.35438e-08, -0.00873873, -2.39465e-08, 0.999962)
bones/24/rotation = Quaternion(0.282362, -0.00871323, -0.0169784, 0.959118)
bones/46/position = Vector3(-0.0113635, 1.42313, 0.0408653)
bones/46/rotation = Quaternion(-0.524501, 0.20563, 0.361055, 0.743138)
bones/47/position = Vector3(-0.163137, 1.45941, -0.0490722)
bones/47/rotation = Quaternion(-0.0963518, -0.133147, 0.971346, 0.171683)
bones/48/rotation = Quaternion(1.11364e-07, -0.000881746, 1.10046e-07, 1)
bones/49/rotation = Quaternion(0.312694, -0.000881366, 0.0286297, 0.949422)
bones/71/position = Vector3(0.127191, 1.34076, -0.0269399)
bones/71/rotation = Quaternion(1.90051e-08, 0.617462, 0.786601, -4.65809e-08)
bones/72/position = Vector3(-0.113426, 1.34076, -0.0269399)
bones/72/rotation = Quaternion(1.90052e-08, 0.617462, 0.786601, -4.65808e-08)

[node name="AnimationPlayer" parent="RigPivot/Rig/CharacterRig" index="1"]
active = false

[node name="RightHandBone" parent="RigPivot/Rig" index="2"]
transform = Transform3D(-0.962344, -0.2708, -0.0237163, 0.246111, -0.904996, 0.347006, -0.115432, 0.328102, 0.937563, -0.336953, 0.973857, -0.04751)

[node name="LeftHandBone" parent="RigPivot/Rig" index="3"]
transform = Transform3D(-0.970506, 0.239134, 0.0305635, -0.224862, -0.943628, 0.242909, 0.0869285, 0.228872, 0.969567, 0.344351, 0.963468, -0.0611514)

[node name="RayAttachment" type="BoneAttachment3D" parent="RigPivot/Rig"]
transform = Transform3D(-0.962344, -0.2708, -0.0237163, 0.246111, -0.904996, 0.347006, -0.115432, 0.328102, 0.937563, -0.336953, 0.973857, -0.04751)
bone_name = "DEF-hand.R"
bone_idx = 51
use_external_skeleton = true
external_skeleton = NodePath("../CharacterRig/GameRig/Skeleton3D")

[node name="AttackCast" type="RayCast3D" parent="RigPivot/Rig/RayAttachment"]
unique_name_in_owner = true
transform = Transform3D(3.59321e-08, 4.7022e-08, 1, 0.996195, 0.0871558, -3.98936e-08, -0.0871558, 0.996194, -4.37114e-08, -0.03, 0.075, -0.05)
target_position = Vector3(0, 1, 0)
collision_mask = 8
script = ExtResource("4_gwnis")

[connection signal="defeat" from="HealthComponent" to="." method="_on_health_component_defeat"]

[editable path="RigPivot/Rig"]
[editable path="RigPivot/Rig/CharacterRig"]
