[gd_scene load_steps=10 format=3 uid="uid://gux0nf155o3g"]

[ext_resource type="Script" uid="uid://c6akp8k7b3n28" path="res://Player/player.gd" id="1_l8h54"]
[ext_resource type="Script" uid="uid://bm1vs0r4or2lb" path="res://Player/smooth_camera_arm.gd" id="2_4ntmi"]
[ext_resource type="PackedScene" uid="uid://bq8t0pax6kf8e" path="res://Player/rig.tscn" id="3_btcbx"]
[ext_resource type="PackedScene" uid="uid://bybba7a0v6c1f" path="res://Player/dash.tscn" id="3_vtle1"]
[ext_resource type="Script" uid="uid://b1h34wgb385y3" path="res://Player/attack_cast.gd" id="4_gwnis"]
[ext_resource type="PackedScene" uid="uid://c6i0n2wp00i44" path="res://Player/health_component.tscn" id="5_k53q1"]
[ext_resource type="PackedScene" uid="uid://deal8jepga326" path="res://Player/area_attack.tscn" id="6_fhl08"]

[sub_resource type="CapsuleShape3D" id="CapsuleShape3D_hvfyp"]

[sub_resource type="SeparationRayShape3D" id="SeparationRayShape3D_l8h54"]

[node name="Player" type="CharacterBody3D"]
collision_layer = 5
script = ExtResource("1_l8h54")

[node name="HealthComponent" parent="." instance=ExtResource("5_k53q1")]

[node name="CollisionShape3D" type="CollisionShape3D" parent="."]
shape = SubResource("CapsuleShape3D_hvfyp")

[node name="SmoothCameraArm" type="SpringArm3D" parent="." node_paths=PackedStringArray("target")]
transform = Transform3D(1, 0, 0, 0, 0.906308, 0.422618, 0, -0.422618, 0.906308, 0, 0, 0)
shape = SubResource("SeparationRayShape3D_l8h54")
spring_length = 4.0
script = ExtResource("2_4ntmi")
target = NodePath("../HorizontalPivot/VerticalPivot")
decay = 20.0

[node name="Camera3D" type="Camera3D" parent="SmoothCameraArm"]

[node name="HorizontalPivot" type="Node3D" parent="."]

[node name="VerticalPivot" type="Node3D" parent="HorizontalPivot"]

[node name="RigPivot" type="Node3D" parent="."]
transform = Transform3D(1, 0, 0, 0, 1, 0, 0, 0, 1, 0, -1, 0)

[node name="Rig" parent="RigPivot" instance=ExtResource("3_btcbx")]

[node name="Skeleton3D" parent="RigPivot/Rig/CharacterRig/GameRig" index="0"]
bones/0/position = Vector3(3.37508e-15, 0.892276, -0.0481736)
bones/2/rotation = Quaternion(-0.00493988, -0.000466292, 0.00321582, 0.999983)
bones/3/rotation = Quaternion(-0.0992541, -0.000415981, 0.00851816, 0.995026)
bones/4/rotation = Quaternion(0.279262, 1.41467e-08, 9.6457e-08, 0.960215)
bones/6/rotation = Quaternion(-0.153366, -1.18139e-07, -1.60841e-08, 0.98817)
bones/7/position = Vector3(-3.84122e-08, 0.892276, -0.0481735)
bones/8/position = Vector3(-5.69216e-08, 0.892276, -0.0481735)
bones/9/position = Vector3(0.131144, 0.95848, -0.0351291)
bones/9/rotation = Quaternion(0.992514, 0.0211226, -0.0308322, 0.116272)
bones/11/rotation = Quaternion(0.431012, -0.000700584, 0.000334786, 0.902346)
bones/13/rotation = Quaternion(-0.756242, 0.0119026, 0.0244296, 0.653728)
bones/15/position = Vector3(-0.131144, 0.95848, -0.0351291)
bones/15/rotation = Quaternion(0.972041, -0.0059976, 0.0271721, 0.233159)
bones/17/rotation = Quaternion(0.454379, 0.00335141, -0.00170959, 0.8908)
bones/19/rotation = Quaternion(-0.692515, -0.0282154, -0.000423208, 0.720851)
bones/21/position = Vector3(0.0251286, 1.42271, 0.0407042)
bones/21/rotation = Quaternion(-0.501052, -0.254725, -0.394401, 0.726986)
bones/22/position = Vector3(0.187411, 1.45862, -0.0286719)
bones/22/rotation = Quaternion(0.0598159, -0.158152, 0.973881, -0.151545)
bones/23/rotation = Quaternion(6.68121e-08, -0.00786017, -5.9459e-09, 0.999969)
bones/24/rotation = Quaternion(0.280193, -0.00777295, -0.0168028, 0.959765)
bones/46/position = Vector3(-0.0113635, 1.42271, 0.0407042)
bones/46/rotation = Quaternion(-0.52614, 0.203772, 0.35936, 0.743313)
bones/47/position = Vector3(-0.162613, 1.45874, -0.050206)
bones/47/rotation = Quaternion(-0.0989681, -0.132684, 0.971083, 0.172041)
bones/48/rotation = Quaternion(3.93565e-08, -0.00267841, 1.02994e-08, 0.999996)
bones/49/rotation = Quaternion(0.310196, -0.002678, 0.0285662, 0.95024)
bones/71/position = Vector3(0.127191, 1.34018, -0.0270098)
bones/71/rotation = Quaternion(1.89643e-08, 0.618056, 0.786134, -4.66024e-08)
bones/72/position = Vector3(-0.113426, 1.34018, -0.0270099)
bones/72/rotation = Quaternion(1.89643e-08, 0.618056, 0.786134, -4.66024e-08)

[node name="AnimationPlayer" parent="RigPivot/Rig/CharacterRig" index="1"]
active = false

[node name="RightHandBone" parent="RigPivot/Rig" index="2"]
transform = Transform3D(-0.962344, -0.270799, -0.0237168, 0.246751, -0.906814, 0.341765, -0.114056, 0.323043, 0.939486, -0.336429, 0.972719, -0.0499007)

[node name="LeftHandBone" parent="RigPivot/Rig" index="3"]
transform = Transform3D(-0.970499, 0.239155, 0.0305968, -0.225285, -0.944701, 0.238301, 0.0858957, 0.224377, 0.970709, 0.344233, 0.9626, -0.0627954)

[node name="RayAttachment" type="BoneAttachment3D" parent="RigPivot/Rig"]
transform = Transform3D(-0.962344, -0.270799, -0.0237168, 0.246751, -0.906814, 0.341765, -0.114056, 0.323043, 0.939486, -0.336429, 0.972719, -0.0499007)
bone_name = "DEF-hand.R"
bone_idx = 51
use_external_skeleton = true
external_skeleton = NodePath("../CharacterRig/GameRig/Skeleton3D")

[node name="AttackCast" type="RayCast3D" parent="RigPivot/Rig/RayAttachment"]
unique_name_in_owner = true
transform = Transform3D(3.59321e-08, 4.7022e-08, 1, 0.996195, 0.0871558, -3.98936e-08, -0.0871558, 0.996194, -4.37114e-08, -0.03, 0.075, -0.05)
target_position = Vector3(0, 1, 0)
collision_mask = 8
script = ExtResource("4_gwnis")

[node name="AreaAttack" parent="RigPivot" instance=ExtResource("6_fhl08")]
transform = Transform3D(1, 0, 0, 0, 1, 0, 0, 0, 1, 0, 1, 1)
collision_mask = 8

[node name="Dash" parent="RigPivot" node_paths=PackedStringArray("player") instance=ExtResource("3_vtle1")]
transform = Transform3D(1, 0, 0, 0, 1, 0, 0, 0, 1, 0, 0.0918356, 0)
player = NodePath("../..")

[connection signal="defeat" from="HealthComponent" to="." method="_on_health_component_defeat"]
[connection signal="heavy_attack" from="RigPivot/Rig" to="." method="_on_rig_heavy_attack"]

[editable path="RigPivot/Rig"]
[editable path="RigPivot/Rig/CharacterRig"]
